-20 -507 -70
-17 -501 -69
-17 -504 -73
-17 -501 -66
-16 -505 -66
-17 -502 -57
-14 -506 -61
-14 -503 -56
-13 -502 -45
-13 -502 -45
-15 -505 -45
-18 -508 -48
-17 -502 -51
-18 -502 -48
-19 -501 -50
-23 -501 -46
-23 -501 -46
-24 -505 -46
-26 -505 -47
-25 -506 -43
-25 -504 -38
-25 -504 -34
-22 -502 -31
-24 -504 -18
-21 -503 -20
-22 -506 -15
-20 -502 -11
-24 -505 0
-26 -510 12
-26 -507 14
-32 -507 19
-28 -508 26
-37 -509 36
-42 -509 37
-46 -505 45
-51 -510 54
-52 -507 57
-53 -511 64
-59 -508 69
-70 -505 80
-70 -505 80
-67 -502 93
-73 -503 98
-75 -499 112
-77 -499 119
-76 -501 125
-77 -495 130
-77 -490 131
-70 -485 132
-64 -485 136
-47 -486 121
-41 -488 113
-35 -488 102
-26 -488 94
-13 -489 71
-7 -485 57
-7 -487 53
-10 -487 54
-10 -493 45
-15 -496 42
-30 -503 32
-42 -508 28
-58 -511 33
-75 -517 37
-87 -522 18
-79 -520 19
-73 -514 29
-71 -517 30
-59 -514 25
-55 -507 19
-41 -506 9
-41 -506 9
-38 -505 6
-39 -505 2
-38 -505 11
-38 -505 11
-39 -501 23
-41 -505 29
-46 -502 45
-50 -502 47
-55 -504 54
-58 -507 63
-78 -503 75
-78 -507 84
-83 -503 84
-85 -501 90
-92 -500 99
-92 -500 99
-101 -502 104
-104 -504 108
-120 -501 108
-120 -501 108
-165 -501 116
-178 -502 114
-198 -494 113
-216 -490 113
-227 -491 109
-240 -486 105
-294 -477 56
-294 -477 56
-306 -474 45
-308 -475 38
-316 -472 22
-316 -472 22
-323 -468 7
-331 -460 -12
-339 -444 -58
-339 -444 -58
-341 -442 -76
-340 -430 -93
-343 -419 -106
-345 -412 -115
-348 -403 -116
-351 -411 -98
-351 -411 -98
-352 -419 -95
-351 -427 -76
-347 -437 -35
-347 -437 -35
-330 -459 21
-311 -465 51
-270 -474 113
-198 -481 148
-160 -478 154
-23 -460 134
-23 -460 134
51 -445 50
67 -437 -29
64 -431 -58
58 -424 -87
55 -419 -110
35 -407 -146
24 -401 -166
1 -396 -190
-24 -385 -211
-85 -376 -237
-113 -371 -250
-146 -372 -251
-174 -372 -249
-241 -371 -234
-267 -369 -221
-281 -376 -209
-290 -384 -195
-300 -395 -183
-296 -397 -184
-289 -402 -189
-281 -402 -189
-256 -407 -205
-256 -407 -205
-249 -404 -209
-243 -401 -219
-219 -371 -246
-212 -363 -252
-205 -349 -259
-197 -330 -271
-194 -315 -274
-181 -301 -278
-172 -288 -287
-148 -254 -286
-139 -239 -290
-129 -222 -286
-121 -204 -287
-93 -147 -272
-93 -147 -272
-84 -133 -269
-72 -119 -263
-60 -105 -252
-51 -98 -250
-51 -94 -248
-58 -95 -252
-57 -121 -263
-57 -121 -263
-52 -132 -263
-55 -143 -270
-57 -189 -278
-57 -189 -278
-59 -211 -278
-65 -228 -279
-82 -285 -279
-82 -285 -279
-88 -303 -273
-95 -317 -268
-146 -363 -250
-146 -363 -250
-176 -384 -240
-210 -406 -218
-239 -417 -189
-262 -444 -155
-269 -451 -136
-270 -472 -101
-270 -472 -101
-270 -487 -67
-266 -492 -52
-257 -503 -30
-257 -503 -30
-253 -507 -7
-257 -505 7
-261 -500 14
-251 -502 30
-240 -507 54
-234 -505 78
-206 -501 113
-195 -495 124
-177 -491 145
-153 -486 160
-77 -463 176
-77 -463 176
-64 -458 180
-50 -446 181
-19 -433 181
-19 -433 181
-15 -427 182
-7 -422 183
25 -404 182
25 -404 182
35 -398 173
45 -392 161
86 -373 129
86 -373 129
95 -368 121
120 -345 70
120 -345 70
128 -347 50
132 -343 40
132 -340 19
135 -337 15
134 -333 7
134 -333 7
134 -332 -1
134 -332 -1
135 -337 13
135 -337 13
124 -344 71
112 -346 112
48 -364 191
-78 -389 241
-145 -404 236
-266 -422 181
-317 -443 104
-322 -453 82
-331 -456 55
-337 -456 29
-337 -456 29
-336 -455 6
-335 -459 2
-315 -472 37
-315 -472 37
-268 -490 59
-268 -490 59
-246 -496 74
-193 -502 110
-170 -498 124
-60 -467 152
-43 -459 154
13 -433 140
29 -427 136
43 -420 131
62 -399 134
62 -399 134
83 -376 131
84 -374 131
75 -377 138
69 -381 142
54 -383 159
-38 -414 206
-85 -418 215
-157 -433 204
-331 -452 58
-342 -452 31
-357 -437 -50
-354 -432 -78
-345 -415 -117
-335 -409 -143
-330 -405 -153
-318 -407 -158
-316 -409 -159
-318 -410 -158
-316 -427 -135
-327 -447 -93
-328 -453 -63
-327 -473 -14
-304 -480 35
-290 -488 54
-252 -493 97
-196 -492 130
-160 -492 135
-100 -490 133
-61 -485 121
-43 -484 113
-15 -471 102
26 -458 84
29 -457 72
35 -449 74
45 -445 80
49 -443 78
50 -439 84
47 -435 107
40 -438 116
28 -433 126
-16 -442 163
-16 -442 163
-45 -447 172
-86 -453 182
-103 -459 185
-127 -463 185
-197 -458 178
-223 -459 171
-248 -458 162
-286 -446 153
-289 -444 156
-286 -441 159
-236 -442 188
-203 -443 197
-158 -450 205
7 -435 159
37 -429 128
60 -429 90
84 -419 9
92 -409 -15
92 -405 -41
88 -389 -87
88 -386 -91
88 -379 -94
86 -373 -106
85 -364 -116
85 -360 -122
66 -345 -161
53 -337 -185
31 -334 -199
-70 -320 -253
-104 -320 -264
-231 -330 -256
-271 -332 -238
-336 -336 -192
-392 -348 -109
-392 -348 -109
-408 -351 -71
-415 -349 -30
-415 -349 -30
-416 -348 -23
-415 -350 -14
-415 -349 -25
-412 -351 -32
-398 -370 -74
-398 -370 -74
-350 -415 -101
-350 -415 -101
-335 -448 -55
-335 -448 -55
-303 -473 -26
-303 -473 -26
-298 -482 -5
-268 -497 33
-268 -497 33
-248 -499 60
-203 -507 80
-195 -503 87
-195 -503 87
-156 -507 97
-145 -508 103
-135 -504 104
-103 -499 110
-86 -494 119
-76 -492 130
-76 -492 130
-24 -473 118
-24 -473 118
11 -460 105
53 -437 79
62 -429 73
62 -425 69
100 -401 14
105 -394 -1
120 -355 -58
119 -347 -78
98 -314 -150
89 -307 -165
61 -299 -198
54 -296 -197
127 -310 -59
138 -328 33
-229 -427 189
-229 -427 189
-293 -441 136
-341 -446 18
-341 -446 18
-340 -453 -4
-351 -436 -13
-351 -436 -13
-353 -434 8
-350 -436 36
-350 -436 36
-341 -442 57
-324 -452 85
-324 -452 85
-312 -453 107
-291 -462 122
-291 -462 122
-269 -464 132
-221 -474 157
-221 -474 157
-196 -472 167
-68 -454 178
-68 -454 178
-24 -445 167
43 -420 137
43 -420 137
69 -405 123
77 -399 122
77 -399 122
70 -395 131
0 -413 183
-28 -419 197
-58 -421 208
-256 -430 183
-314 -414 155
-356 -392 128
-416 -330 54
-416 -330 54
-438 -285 -7
-439 -224 -58
-434 -217 -67
-432 -215 -70
-420 -199 -90
-420 -199 -90
-422 -192 -102
-404 -186 -140
-404 -186 -140
-400 -188 -152
-391 -234 -164
-391 -234 -164
-388 -244 -168
-370 -304 -168
-370 -304 -168
-371 -327 -157
-355 -421 -74
-355 -421 -74
-322 -467 -15
-248 -503 44
-248 -503 44
-211 -512 54
-60 -507 53
-60 -507 53
-30 -501 43
49 -458 -29
61 -444 -53
79 -413 -77
92 -392 -87
92 -392 -87
100 -381 -84
120 -353 -65
129 -346 -54
132 -343 -31
133 -329 77
133 -329 77
124 -325 117
-92 -336 274
-191 -353 261
-278 -360 220
-387 -353 114
-409 -343 63
-422 -327 15
-422 -327 15
-426 -317 3
-428 -301 13
-427 -298 19
-416 -320 77
-407 -328 90
-400 -340 112
-345 -369 169
-322 -375 187
-173 -411 232
-173 -411 232
-143 -415 231
-41 -419 198
-23 -421 189
-23 -421 189
26 -415 160
32 -410 158
-7 -419 185
-81 -431 204
-251 -470 126
-266 -479 106
-268 -494 63
-263 -496 59
-259 -505 33
-253 -507 36
-222 -510 79
-210 -512 86
-125 -498 135
4 -462 122
95 -415 0
116 -368 -55
119 -351 -68
119 -351 -68
119 -365 58
-96 -429 215
-96 -429 215
-149 -439 202
-317 -476 21
-327 -455 -86
-335 -433 -111
-330 -461 -39
-323 -470 -19
-244 -500 82
-207 -505 102
-29 -492 86
3 -480 61
66 -440 -46
72 -427 -66
76 -396 -111
95 -345 -140
93 -334 -144
68 -306 -188
59 -301 -205
19 -271 -244
-11 -261 -257
-104 -242 -280
-111 -245 -281
-108 -257 -280
-99 -258 -282
-29 -285 -252
-8 -295 -242
83 -276 -171
108 -271 -148
163 -237 -1
167 -230 29
166 -228 53
105 -248 195
105 -248 195
36 -287 243
21 -298 253
-54 -425 193
-58 -447 168
-77 -507 60
-85 -518 41
-94 -521 -27
-94 -521 -27
-71 -510 -80
-64 -501 -95
-64 -501 -95
-15 -479 -99
-15 -479 -99
47 -447 -79
62 -440 -72
109 -402 -19
115 -393 -15
137 -349 8
144 -342 9
144 -340 0
142 -341 -9
143 -341 -13
125 -362 -33
122 -365 -35
110 -389 -10
110 -389 -10
107 -394 -2
84 -402 86
84 -402 86
-191 -426 212
-191 -426 212
-377 -424 21
-378 -424 -19
-349 -406 -130
-349 -406 -130
-304 -441 -135
-304 -441 -135
-297 -479 -66
-290 -488 -52
-264 -512 20
-244 -517 47
-220 -520 70
-86 -500 134
-86 -500 134
-34 -487 127
80 -441 32
94 -427 -24
72 -409 -119
72 -409 -119
49 -404 -156
42 -409 -159
33 -407 -158
33 -407 -158
66 -400 -121
66 -400 -121
100 -380 -79
100 -380 -79
-90 -386 255
-90 -386 255
-401 -388 20
-401 -388 20
-356 -424 -102
-356 -424 -102
-257 -469 -136
-257 -469 -136
-140 -454 -198
-140 -454 -198
-154 -370 -256
-154 -370 -256
-219 -323 -270
-233 -318 -265
-269 -291 -252
-284 -294 -233
-284 -294 -233
-324 -352 -188
-329 -450 -96
-237 -504 93
-17 -496 79
-17 -496 79
78 -438 -17
92 -400 -87
87 -371 -120
90 -363 -135
50 -319 -215
-38 -287 -272
-81 -250 -285
-23 -255 -263
101 -267 -157
93 -345 162
-164 -453 190
-199 -504 99
-164 -525 36
-103 -520 -56
-67 -497 -111
-67 -497 -111
-58 -475 -153
-59 -447 -190
-66 -432 -209
-106 -394 -250
-120 -384 -256
-181 -338 -274
-213 -318 -274
-362 -264 -203
-362 -264 -203
-435 -248 -79
-435 -248 -79
-432 -286 -68
-432 -286 -68
-388 -289 -175
-388 -289 -175
-268 -230 -263
-254 -214 -268
-200 -187 -285
-186 -183 -294
-150 -187 -289
-140 -195 -291
-94 -259 -289
-94 -259 -289
-18 -333 -244
0 -361 -220
25 -433 -130
22 -447 -107
-1 -478 -73
-3 -484 -75
0 -486 -54
0 -486 -54
4 -487 -30
5 -488 -17
-21 -499 25
-21 -499 25
-58 -515 48
-81 -517 59
-84 -511 63
-84 -511 63
-60 -512 61
-60 -512 61
-34 -504 56
-32 -499 50
5 -489 3
5 -491 -12
12 -473 -88
12 -473 -88
-36 -454 -162
-36 -454 -162
-152 -430 -224
-152 -430 -224
-286 -399 -208
-286 -399 -208
-359 -367 -166
-359 -367 -166
-414 -313 -106
-414 -313 -106
-431 -270 -49
-431 -270 -49
-413 -269 -121
-312 -250 -245
-312 -250 -245
-115 -169 -285
-79 -165 -280
-1 -180 -259
16 -184 -254
56 -250 -224
56 -250 -224
37 -371 -185
19 -390 -180
-54 -457 -157
-62 -464 -157
-109 -456 -197
-64 -388 -255
-64 -388 -255
0 -336 -250
12 -331 -246
42 -334 -219
42 -334 -219
57 -384 -180
57 -384 -180
16 -484 -69
26 -481 -35
26 -481 -35
68 -404 -142
-35 -348 -259
-35 -348 -259
-179 -331 -282
-221 -328 -276
-361 -304 -196
-361 -304 -196
-426 -266 -112
-436 -259 -86
-448 -248 -9
-443 -256 14
-446 -261 5
-404 -287 -159
-238 -283 -280
40 -292 -224
40 -292 -224
136 -343 -37
126 -361 -1
-16 -486 77
-72 -519 8
-47 -503 -89
-47 -503 -89
-110 -454 -210
-225 -414 -229
-301 -400 -206
-374 -374 -151
-429 -340 -32
-438 -306 42
-434 -292 37
-420 -262 -118
-115 -264 -292
99 -340 -135
74 -424 -71
-5 -490 -66
-33 -506 -67
-27 -502 -48
7 -492 -24
7 -492 -24
25 -482 -13
25 -482 -13
59 -460 22
56 -448 57
16 -457 113
-47 -467 160
-95 -474 170
-113 -501 127
-113 -501 127
-60 -495 108
-49 -498 95
-46 -495 105
-46 -495 105
-74 -501 112
-74 -501 112
-114 -507 121
-174 -506 117
-226 -507 91
-233 -499 110
-233 -499 110
-156 -493 151
-28 -478 122
36 -453 85
36 -453 85
58 -440 77
41 -453 83
30 -455 110
20 -461 101
-18 -475 108
-11 -477 100
14 -474 81
10 -473 70
6 -478 59
16 -478 48
25 -474 26
27 -473 -3
25 -474 0
24 -477 13
12 -480 25
9 -483 33
9 -483 33
11 -484 31
14 -485 32
18 -482 26
17 -477 19
16 -476 22
21 -479 22
18 -481 25
19 -480 20
23 -480 23
18 -480 18
26 -478 21
25 -477 16
27 -476 17
26 -477 20
32 -471 21
27 -476 19
27 -477 20
28 -476 17
27 -478 24
32 -474 20
28 -478 16
26 -471 15
31 -476 12
28 -478 9
25 -479 12
26 -477 10
22 -474 12
22 -477 11
24 -479 14
26 -476 13
23 -476 7
24 -477 4
27 -475 7
24 -477 9
18 -477 21
18 -481 26
16 -477 35
16 -477 35
15 -478 39
18 -481 39
14 -481 36
15 -483 40
17 -481 35
17 -481 32
18 -478 42
17 -479 33
18 -481 38
24 -482 36
19 -483 39
20 -484 34
20 -484 35
17 -479 35
16 -482 30
16 -481 34
20 -482 30
18 -482 32
19 -481 30
20 -483 32
18 -480 35
21 -482 37
17 -481 36
20 -483 26
21 -485 16
9 -486 -30
-8 -489 -60
-19 -495 -70
-31 -494 -77
-40 -495 -74
-59 -502 -83
-85 -508 -94
-124 -510 -94
-153 -517 -83
-175 -521 -48
-180 -524 -37
-171 -523 -29
-145 -524 -51
-96 -515 -59
-51 -507 -50
-31 -501 -29
-19 -498 -11
-15 -489 10
-13 -492 20
-14 -490 27
-11 -492 32
-15 -497 25
-14 -494 28
-15 -493 24
-18 -494 21
-14 -494 22
-10 -488 28
-9 -492 20
0 -487 21
-6 -492 18
-3 -492 8
-3 -493 4
0 -491 2
-3 -489 1
2 -487 2
0 -486 1
5 -489 1
-2 -486 3
3 -488 2
9 -487 2
6 -486 7
4 -485 0
9 -487 3
6 -486 7
7 -488 3
5 -490 0
4 -487 0
6 -483 -5
10 -489 -3
11 -485 -6
5 -485 -6
6 -485 -2
6 -485 -2
3 -486 -5
4 -481 -22
1 -483 -30
6 -481 -32
13 -482 -19
13 -479 -9
13 -481 -5
13 -482 -2
16 -478 -5
15 -478 -3
18 -478 -7
21 -476 -6
18 -476 -9
22 -474 -7
25 -472 1
30 -470 3
34 -466 13
28 -469 30
27 -468 33
2 -484 0
-20 -495 -36
-57 -499 -74
-74 -500 -84
-98 -502 -92
-100 -507 -84
-90 -504 -85
-69 -504 -79
-38 -500 -49
-3 -487 -20
3 -487 36
-29 -490 91
-79 -488 127
-132 -485 145
-177 -481 157
-207 -481 153
-181 -482 158
-83 -493 123
-42 -497 80
-26 -502 14
-45 -503 -41
-76 -510 -59
-108 -517 -56
-136 -522 -42
-167 -522 -14
-170 -523 -14
-129 -518 -46
-81 -510 -30
-34 -502 -1
-12 -488 21
1 -483 22
0 -485 -9
21 -469 -34
45 -443 -67
75 -399 -106
106 -352 -116
136 -300 -98
149 -294 -61
160 -278 -18
169 -271 0
169 -263 28
170 -275 73
159 -275 117
139 -279 159
113 -292 198
90 -307 217
72 -309 220
59 -324 221
49 -330 227
45 -334 230
60 -339 213
72 -346 192
88 -346 163
119 -331 127
143 -319 66
146 -325 -4
114 -378 -41
89 -416 1
44 -451 60
27 -454 86
1 -465 107
-16 -471 115
26 -456 93
16 -462 96
-8 -481 71
-15 -488 72
-25 -498 63
-3 -479 72
-4 -476 92
-56 -509 41
-92 -498 -117
-37 -435 -207
47 -332 -235
86 -235 -226
112 -179 -178
136 -204 -143
141 -253 -112
133 -298 -115
105 -339 -133
83 -362 -146
63 -369 -157
42 -374 -178
17 -385 -195
-12 -379 -214
-60 -392 -232
-139 -405 -232
-187 -430 -206
-211 -492 -106
-134 -527 25
26 -480 9
58 -443 -44
62 -406 -117
-3 -349 -228
-99 -317 -270
-197 -320 -269
-182 -323 -270
-120 -293 -274
-96 -252 -280
-62 -166 -288
-63 -80 -241
-108 -16 -188
-165 20 -128
-204 34 -86
-219 40 -57
-202 50 -44
-101 61 -48
53 6 -50
142 -89 -58
159 -203 -95
105 -309 -138
68 -321 -182
29 -357 -184
-32 -438 -160
-100 -494 -109
-120 -522 -32
-80 -518 0
-41 -506 13
21 -475 8
86 -413 71
21 -361 226
-165 -314 289
-294 -210 253
-293 -106 217
-188 -11 190
-53 40 100
35 19 29
135 -80 -39
151 -186 -79
162 -226 -63
155 -245 -80
144 -247 -94
134 -197 -130
62 -78 -161
29 14 -60
-53 27 134
-199 -62 240
-330 -160 186
-430 -302 43
-346 -443 25
-227 -490 106
-45 -482 128
56 -452 8
55 -419 -111
30 -389 -175
31 -367 -179
112 -368 -50
96 -392 71
25 -431 144
-19 -451 157
-111 -472 169
-357 -434 64
-431 -193 -26
-302 3 50
-67 33 124
126 -79 82
165 -163 49
167 -170 32
167 -173 33
174 -199 40
171 -197 85
174 -184 58
179 -187 10
174 -183 -38
156 -158 -87
128 -92 -81
112 -41 -33
115 -43 -12
129 -61 62
98 -81 153
64 -87 198
4 -88 245
-81 -93 270
-140 -78 263
-229 -67 230
-322 -53 161
-374 -64 91
-349 -76 161
-142 -72 270
64 -67 181
132 -73 65
128 -79 -62
69 -70 -158
109 -66 -82
62 -76 197
-98 -76 276
-210 -82 266
-289 -108 241
-218 -126 285
7 -116 253
148 -107 74
129 -81 -82
37 -51 -177
-26 -25 -194
-36 -20 -200
78 -27 -92
124 -46 -27
146 -77 -9
172 -152 41
183 -205 32
159 -228 -108
99 -228 -196
34 -202 -243
29 -167 -240
99 -143 -179
147 -96 -49
136 -80 95
10 -100 263
-127 -127 302
-81 -135 301
77 -132 221
166 -126 39
128 -124 -140
9 -102 -239
-57 -80 -256
-28 -68 -234
155 -89 17
88 -103 200
-23 -119 276
-132 -125 299
-200 -122 287
-216 -127 288
-177 -127 298
-73 -134 299
15 -129 266
145 -135 116
137 -114 -112
18 -104 -241
-138 -93 -273
-268 -90 -236
-304 -94 -216
-205 -80 -258
117 -88 -114
145 -145 143
71 -229 258
-85 -289 318
-186 -312 306
-231 -320 303
-271 -322 271
-315 -313 243
-341 -286 225
-351 -259 216
-359 -240 204
-358 -218 209
-352 -203 216
-317 -189 247
-256 -187 280
-117 -227 308
73 -253 226
165 -221 96
171 -184 66
170 -169 63
164 -127 -35
75 -53 -154
-135 -10 -206
-230 4 -162
-263 5 -146
-293 -3 -133
-260 2 -161
-143 8 -192
81 -16 -59
91 -57 145
-21 -96 266
-106 -125 297
-34 -124 276
81 -80 182
89 -19 78
62 17 -10
54 9 -78
94 -104 -171
136 -262 -170
192 -338 -103
142 -364 -132
66 -348 -181
-36 -345 -248
-138 -339 -273
-175 -287 -286
-146 -231 -292
-117 -227 -291
-59 -277 -274
-83 -348 -258
-90 -341 -259
-149 -264 -298
-196 -153 -279
-222 -109 -238
-146 -74 -234
14 -26 -149
101 -28 16
119 -156 181
115 -243 197
153 -305 118
176 -256 -71
-8 -183 -281
-120 -192 -310
-17 -242 -299
161 -290 -134
172 -315 -4
119 -345 129
38 -367 208
32 -372 217
164 -322 -65
-51 -271 -296
-118 -281 -306
-64 -302 -291
21 -297 -240
89 -298 -184
55 -303 -210
31 -291 -240
-128 -216 -307
-317 -185 -235
-386 -147 -128
-414 -170 -69
-416 -162 -52
-299 -101 -200
-37 -31 -188
61 -9 -69
90 -23 96
129 -92 130
180 -205 -12
69 -309 -203
-45 -332 -259
-74 -297 -270
-92 -268 -275
-82 -242 -293
-105 -245 -289
-178 -213 -293
-318 -176 -231
-300 -161 -248
-96 -158 -299
53 -223 -234
74 -280 -201
54 -329 -201
50 -345 -194
-98 -345 -265
-238 -342 -255
-363 -316 -173
-410 -286 -123
-334 -234 -249
-5 -177 -270
134 -178 -140
185 -215 24
185 -269 51
141 -334 -108
-20 -370 -252
-167 -342 -285
-285 -268 -265
-230 -157 -272
-16 -103 -235
104 -100 -141
165 -165 -73
150 -234 -143
-56 -285 -300
-325 -324 -243
-403 -303 -158
-326 -183 -226
-164 -84 -247
-20 -5 -151
103 -32 27
140 -126 129
164 -242 109
153 -295 -76
-11 -323 -237
-189 -296 -254
-384 -247 -144
-412 -184 -78
-377 -85 -82
-199 -32 -207
107 -168 -158
150 -265 -77
95 -269 -190
-32 -260 -278
-82 -267 -298
-48 -259 -290
-41 -264 -294
-14 -281 -284
-62 -305 -291
-69 -304 -288
-35 -242 -291
-25 -218 -286
-31 -243 -264
-54 -204 -267
-69 -203 -282
-111 -238 -292
-196 -267 -287
-265 -304 -257
-353 -350 -176
-398 -408 -6
-321 -449 126
-211 -480 165
-170 -492 139
-200 -506 94
-230 -510 59
-286 -481 -103
-36 -463 -140
6 -477 -62
15 -476 -20
-13 -488 2
-13 -491 19
5 -487 23
7 -482 33
17 -476 18
26 -474 -14
40 -460 -39
35 -466 -41
34 -467 -33
34 -466 -42
34 -465 -48
35 -463 -41
31 -471 -37
22 -476 -25
7 -486 -19
-13 -500 4
-31 -508 16
-50 -512 24
-49 -509 22
-43 -507 26
-37 -507 25
-36 -505 33
