-86 -521 46
-85 -522 46
-86 -521 50
-87 -520 50
-89 -518 50
-85 -521 44
-85 -523 45
-86 -522 46
-87 -520 48
-84 -519 46
-86 -519 48
-82 -524 46
-83 -515 52
-82 -520 54
-80 -516 52
-79 -520 52
-82 -520 51
-84 -518 52
-80 -518 56
-83 -522 51
-83 -520 48
-78 -519 47
-84 -519 50
-82 -521 50
-79 -520 51
-79 -518 54
-77 -521 53
-76 -522 50
-77 -522 55
-73 -520 55
-77 -516 53
-76 -517 54
-74 -519 55
-75 -519 57
-77 -519 58
-76 -516 63
-73 -519 56
-70 -514 60
-71 -517 59
-73 -516 60
-72 -518 59
-71 -519 53
-72 -523 53
-72 -520 56
-72 -518 57
-71 -521 59
-70 -520 56
-72 -521 60
-76 -521 58
-72 -519 60
-71 -519 65
-68 -517 66
-68 -518 60
-66 -518 59
-64 -519 59
-64 -513 62
-60 -514 63
-60 -511 69
-55 -512 66
-57 -511 66
-57 -513 67
-51 -512 69
-51 -512 69
-56 -511 71
-52 -509 75
-51 -508 73
-51 -508 73
-41 -507 78
-40 -506 77
-40 -504 77
-40 -504 77
-32 -504 78
-33 -504 77
-33 -500 84
-37 -503 85
-38 -501 81
-41 -502 88
-47 -502 88
-47 -502 88
-48 -501 93
-47 -500 92
-47 -499 88
-44 -500 92
-44 -500 96
-46 -496 101
-47 -491 118
-44 -493 116
-45 -490 119
-39 -488 119
-34 -486 124
-33 -486 121
-31 -482 127
-35 -481 128
-49 -486 133
-76 -488 139
-85 -492 142
-86 -492 142
-95 -492 144
-96 -492 144
-99 -494 142
-108 -495 140
-112 -497 140
-115 -498 138
-113 -498 139
-116 -495 138
-111 -491 141
-106 -494 137
-103 -496 138
-100 -496 132
-100 -497 131
-100 -501 129
-107 -504 118
-125 -515 103
-125 -515 103
-132 -515 92
-151 -520 78
-159 -524 60
-159 -524 60
-171 -523 54
-187 -522 49
-210 -522 26
-224 -519 4
-230 -514 -5
-259 -500 -48
-264 -500 -58
-270 -498 -64
-266 -491 -91
-264 -489 -102
-266 -482 -110
-274 -474 -115
-282 -464 -131
-285 -461 -135
-289 -454 -134
-288 -452 -134
-297 -452 -130
-295 -451 -134
-291 -450 -138
-293 -447 -135
-290 -456 -129
-291 -461 -115
-288 -466 -107
-293 -478 -72
-292 -489 -52
-288 -488 -29
-289 -496 -2
-269 -500 48
-251 -502 72
-235 -500 95
-216 -499 112
-181 -488 141
-165 -486 154
-147 -483 167
-113 -475 179
-86 -464 188
-70 -461 186
-70 -461 186
-28 -449 178
-23 -448 171
-16 -447 168
-10 -450 161
-5 -454 158
-3 -454 158
0 -452 149
0 -449 155
0 -449 155
1 -448 155
0 -448 160
-1 -447 159
0 -445 160
4 -439 164
4 -441 170
9 -426 183
9 -426 190
9 -426 190
5 -417 192
1 -410 204
1 -410 204
-9 -397 220
-9 -397 220
-23 -383 240
-23 -383 240
-35 -379 252
-52 -380 253
-88 -374 260
-88 -374 263
-128 -375 263
-144 -379 259
-184 -388 252
-184 -388 252
-226 -406 226
-242 -412 212
-259 -430 191
-259 -430 191
-269 -451 163
-264 -460 146
-257 -486 115
-246 -499 92
-237 -507 76
-228 -514 62
-188 -532 29
-175 -533 16
-158 -532 5
-120 -529 -48
-120 -529 -48
-120 -529 -64
-121 -527 -81
-120 -518 -99
-127 -516 -116
-134 -512 -125
-145 -507 -136
-176 -499 -144
-176 -499 -144
-190 -497 -145
-204 -499 -142
-252 -497 -123
-252 -497 -123
-264 -496 -113
-278 -493 -104
-311 -484 -55
-311 -484 -55
-322 -485 -35
-328 -485 13
-315 -487 51
-315 -487 51
-304 -486 76
-284 -484 111
-257 -491 134
-257 -491 134
-235 -486 144
-193 -490 158
-158 -496 162
-131 -495 159
-119 -494 159
-91 -496 141
-91 -496 141
-65 -493 132
-55 -491 130
-33 -492 120
-6 -480 107
3 -482 103
32 -459 96
38 -453 95
67 -430 96
68 -431 103
78 -414 107
80 -408 115
85 -398 127
85 -398 127
79 -399 130
78 -397 132
74 -389 147
68 -387 155
47 -389 185
43 -389 187
21 -393 203
12 -398 200
0 -405 208
-18 -406 210
-38 -413 221
-52 -418 217
-56 -423 220
-71 -429 225
-101 -437 222
-107 -439 215
-124 -442 213
-124 -442 213
-133 -446 212
-147 -454 205
-172 -459 198
-186 -471 187
-193 -474 177
-206 -488 152
-210 -496 140
-215 -500 126
-216 -513 83
-208 -518 73
-202 -522 64
-182 -532 2
-178 -533 -14
-165 -526 -59
-162 -524 -70
-164 -522 -82
-172 -506 -122
-179 -500 -128
-188 -496 -139
-228 -486 -139
-244 -481 -139
-258 -480 -137
-296 -471 -111
-309 -468 -104
-320 -470 -89
-344 -459 -40
-352 -457 -26
-358 -454 -7
-347 -455 70
-337 -454 96
-328 -455 115
-264 -454 178
-235 -450 189
-217 -452 202
-145 -453 211
-128 -454 212
-111 -457 205
-71 -461 190
-61 -464 188
-51 -462 177
-23 -467 153
-11 -468 141
3 -465 128
30 -468 96
35 -470 78
44 -461 64
70 -449 25
68 -449 18
74 -444 3
88 -427 -41
91 -419 -47
91 -419 -47
92 -416 -50
102 -401 -59
106 -398 -61
107 -399 -56
116 -389 -36
115 -387 -30
121 -388 -15
128 -379 31
123 -374 52
119 -377 65
107 -387 104
99 -387 116
92 -390 126
74 -397 143
67 -399 153
57 -406 163
21 -425 166
21 -425 166
18 -432 162
6 -446 158
4 -448 157
-3 -453 153
-4 -462 145
-11 -474 133
-11 -475 132
-16 -482 124
-10 -481 124
-16 -482 121
-22 -489 120
-26 -490 122
-26 -489 121
-38 -498 119
-44 -501 117
-51 -499 114
-56 -505 107
-56 -504 108
-61 -506 103
-69 -513 100
-71 -516 105
-69 -514 97
-74 -513 93
-67 -517 95
-69 -514 88
-61 -515 75
-56 -517 75
-47 -515 71
-35 -514 53
-38 -516 49
-36 -518 45
-37 -521 29
-37 -521 29
-41 -523 17
-55 -525 -3
-60 -528 -2
-75 -529 -13
-82 -529 -12
-116 -538 -16
-125 -536 -19
-141 -540 -3
-147 -537 -3
-158 -539 6
-157 -538 9
-165 -540 19
-169 -536 19
-171 -540 25
-170 -538 37
-170 -534 39
-173 -539 41
-169 -530 59
-171 -536 62
-161 -528 83
-161 -528 83
-158 -526 87
-150 -521 99
-150 -521 99
-146 -523 105
-133 -516 115
-124 -515 117
-116 -513 125
-116 -513 125
-110 -515 132
-96 -510 132
-96 -510 132
-84 -504 139
-73 -499 147
-73 -499 147
-68 -498 145
-51 -492 147
-51 -492 147
-43 -489 151
-22 -483 152
-22 -483 152
-11 -482 141
6 -475 135
6 -475 135
15 -469 137
32 -467 127
38 -464 123
44 -459 117
63 -461 101
67 -458 102
72 -455 97
82 -446 78
91 -444 73
89 -447 71
97 -437 58
104 -439 52
106 -434 40
115 -432 29
115 -432 29
113 -431 20
117 -428 3
117 -428 3
117 -428 3
125 -418 -13
125 -418 -13
127 -421 -15
133 -415 -15
133 -415 -15
134 -410 -18
128 -409 -9
128 -409 -9
130 -415 -5
124 -415 22
124 -415 22
120 -418 35
107 -425 74
107 -425 74
102 -428 82
86 -430 113
86 -430 113
67 -435 133
43 -440 156
43 -440 156
27 -440 171
1 -448 188
1 -448 188
-14 -447 194
-43 -452 204
-54 -456 204
-54 -456 204
-80 -457 211
-93 -459 209
-97 -463 209
-119 -468 196
-120 -469 203
-130 -470 202
-149 -472 203
-154 -472 201
-162 -479 196
-176 -485 183
-181 -483 180
-192 -488 175
-216 -489 157
-216 -489 157
-223 -495 154
-240 -504 122
-240 -504 122
-242 -508 117
-250 -514 84
-248 -516 79
-258 -522 54
-258 -522 54
-258 -522 49
-250 -527 12
-250 -527 12
-248 -529 5
-244 -533 -29
-232 -530 -62
-227 -530 -68
-201 -534 -90
-196 -532 -97
-161 -528 -115
-128 -529 -121
-94 -522 -115
-66 -519 -108
-47 -519 -94
-66 -517 -121
-114 -515 -142
-125 -515 -147
-142 -516 -146
-137 -515 -144
-140 -517 -146
-147 -514 -141
-146 -518 -145
-146 -515 -139
-151 -519 -135
-148 -526 -129
-143 -523 -122
-130 -518 -127
-122 -518 -131
-112 -515 -140
-107 -510 -140
-107 -510 -140
-97 -513 -132
-97 -516 -130
-84 -511 -131
-75 -508 -131
-39 -505 -115
-32 -503 -109
-3 -504 -90
-2 -499 -81
14 -497 -57
13 -496 -55
16 -498 -37
20 -497 -37
23 -501 -16
19 -499 -13
20 -503 -3
18 -501 3
13 -504 25
11 -506 29
10 -506 47
10 -507 46
-9 -505 59
-11 -504 62
-25 -509 72
-27 -513 81
-38 -518 92
-41 -518 94
-67 -516 104
-80 -516 103
-86 -522 101
-95 -521 105
-95 -521 105
-112 -520 105
-112 -520 105
-117 -524 103
-120 -522 104
-140 -524 104
-140 -524 104
-144 -523 108
-163 -527 107
-169 -524 104
-186 -525 94
-189 -527 93
-208 -522 82
-215 -524 77
-222 -522 58
-228 -524 58
-235 -522 39
-238 -527 37
-235 -527 23
-237 -534 26
-240 -529 8
-243 -528 0
-240 -528 -22
-240 -528 -22
-233 -527 -37
-235 -527 -45
-233 -526 -52
-231 -531 -56
-229 -526 -58
-236 -526 -53
-238 -525 -45
-242 -527 -33
-252 -527 -16
-253 -523 -11
-258 -524 9
-254 -524 17
-259 -522 38
-245 -518 90
-234 -511 110
-223 -508 137
-220 -506 140
-214 -505 151
-215 -506 151
-202 -503 161
-202 -503 161
-181 -498 173
-181 -498 173
-154 -492 183
-146 -490 186
-118 -483 191
-118 -483 191
-67 -469 202
-15 -455 184
-15 -455 184
5 -449 178
41 -444 154
48 -443 148
74 -436 115
78 -439 108
98 -431 70
112 -422 42
114 -418 30
114 -418 30
122 -406 -37
113 -400 -86
88 -398 -133
57 -397 -170
50 -396 -178
4 -399 -211
-46 -399 -232
-96 -402 -242
-96 -402 -242
-165 -408 -241
-241 -416 -220
-265 -423 -205
-281 -420 -193
-293 -422 -182
-303 -421 -175
-303 -421 -175
-337 -421 -143
-337 -421 -143
-352 -421 -110
-356 -420 -104
-365 -418 -91
-364 -416 -85
-364 -416 -85
-360 -418 -102
-354 -423 -108
-312 -419 -175
-223 -417 -224
-223 -417 -224
-121 -406 -248
-121 -406 -248
-24 -386 -237
-13 -383 -230
21 -371 -220
31 -370 -208
63 -362 -191
63 -362 -191
118 -347 -133
124 -344 -130
131 -337 -121
132 -325 -130
124 -324 -145
65 -320 -219
40 -323 -239
-58 -326 -272
-58 -326 -272
-83 -330 -279
-194 -339 -274
-194 -339 -274
-266 -346 -247
-266 -346 -247
-311 -350 -213
-328 -352 -193
-328 -352 -193
-342 -354 -177
-345 -355 -177
-359 -365 -148
-359 -365 -148
-358 -377 -132
-361 -377 -132
-357 -389 -129
-357 -389 -129
-359 -405 -106
-359 -409 -109
-350 -416 -104
-350 -416 -104
-350 -418 -99
-351 -417 -103
-348 -415 -103
-352 -412 -104
-350 -409 -118
-350 -409 -118
-346 -405 -132
-346 -405 -132
-323 -396 -165
-323 -396 -165
-292 -389 -198
-292 -389 -198
-264 -381 -219
-264 -381 -219
-238 -382 -235
-238 -382 -235
-216 -381 -231
-212 -383 -239
-159 -377 -252
-144 -375 -255
-116 -383 -250
-112 -386 -250
-51 -391 -239
-45 -386 -232
27 -390 -195
27 -390 -195
89 -388 -126
89 -388 -126
118 -391 -63
127 -394 -12
121 -399 49
121 -399 49
111 -401 99
111 -401 99
102 -404 121
91 -399 146
91 -399 146
93 -389 146
127 -384 88
132 -382 59
136 -376 -39
136 -376 -39
78 -382 -159
-8 -393 -220
-8 -393 -220
-80 -409 -230
-80 -409 -230
-128 -426 -223
-128 -426 -223
-149 -447 -208
-166 -476 -168
-128 -494 -134
-100 -510 -93
-73 -510 -80
-73 -510 -80
-36 -498 -79
-7 -489 -78
31 -474 -49
48 -469 -19
62 -461 22
67 -461 29
59 -456 82
47 -458 104
27 -465 119
5 -472 139
-24 -480 153
-59 -484 155
-80 -487 162
-98 -486 170
-105 -487 176
-55 -474 176
-5 -453 165
65 -434 131
65 -434 131
123 -404 1
117 -398 -64
53 -395 -169
-30 -405 -227
-97 -410 -234
-146 -415 -237
-160 -412 -234
-212 -425 -220
-237 -418 -214
-272 -413 -197
-294 -411 -186
-306 -398 -186
-306 -398 -186
-306 -393 -189
-278 -378 -220
-278 -378 -220
-170 -347 -272
-170 -347 -272
-46 -322 -266
43 -306 -220
126 -311 -122
155 -324 -10
129 -356 99
32 -425 159
9 -452 148
-14 -481 113
-24 -498 79
-39 -506 76
-33 -503 73
-27 -504 63
-22 -503 54
-15 -504 40
-5 -500 31
-8 -502 23
6 -499 6
12 -494 -19
8 -491 -45
4 -495 -51
-4 -491 -74
-8 -491 -82
-34 -493 -116
-72 -492 -136
-95 -493 -150
-127 -487 -160
-137 -486 -168
-186 -473 -176
-216 -447 -206
-218 -437 -210
-147 -380 -261
-147 -380 -261
-1 -330 -244
141 -292 -126
141 -292 -126
168 -289 26
154 -302 91
114 -328 161
114 -328 161
84 -371 171
64 -406 162
75 -440 92
72 -461 44
64 -475 -20
28 -486 -94
-19 -489 -145
-110 -498 -170
-110 -498 -170
-187 -516 -127
-223 -531 -73
-194 -543 -24
-146 -550 -5
-110 -543 -33
-76 -532 -76
-55 -502 -133
-58 -471 -173
-73 -439 -216
-67 -396 -245
0 -335 -249
102 -299 -175
169 -282 -15
130 -308 152
42 -342 236
-61 -395 256
-141 -457 210
-143 -490 160
-54 -524 65
-35 -524 -1
-58 -520 -93
-127 -519 -120
-176 -525 -108
-223 -531 -57
-228 -537 0
-205 -535 54
-170 -533 82
-134 -531 87
-91 -532 68
-47 -526 35
-32 -518 0
11 -496 6
38 -477 32
42 -467 86
31 -465 115
4 -472 144
-21 -476 157
-54 -483 170
-89 -491 175
-89 -491 175
-121 -494 176
-125 -494 179
-114 -490 183
-58 -476 181
-42 -477 180
33 -455 138
84 -440 69
90 -440 -43
50 -437 -131
-11 -444 -176
-63 -453 -190
-93 -455 -201
-133 -450 -208
-157 -440 -216
-171 -416 -233
-66 -339 -267
57 -274 -212
161 -215 -68
171 -200 22
152 -209 126
117 -251 189
86 -324 196
29 -417 174
-61 -505 103
-134 -529 14
-191 -529 -35
-246 -511 -61
-285 -498 -59
-298 -493 -59
-312 -490 -51
-326 -488 -29
-315 -496 -3
-292 -509 14
-257 -521 13
-187 -542 -7
-129 -543 -23
-86 -529 -36
-53 -515 -64
-22 -496 -94
18 -466 -117
54 -429 -127
107 -385 -98
150 -342 -45
166 -304 28
155 -286 103
127 -289 170
72 -305 223
16 -336 253
-31 -357 262
-74 -391 259
-121 -414 244
-148 -432 233
-158 -431 235
-149 -413 252
-64 -360 271
37 -312 244
124 -275 166
170 -254 62
175 -237 -34
151 -225 -119
95 -218 -208
29 -217 -254
-5 -218 -270
-5 -200 -261
7 -173 -256
13 -144 -240
29 -105 -218
27 -88 -202
18 -53 -189
-10 -40 -187
-37 -23 -184
-57 -9 -177
-70 0 -167
-74 13 -151
-91 22 -141
-111 24 -142
-133 24 -142
-157 20 -145
-161 18 -141
-153 20 -130
-148 24 -138
-136 19 -146
-140 10 -160
-140 -3 -182
-95 -26 -202
-93 -57 -235
-72 -96 -259
-60 -137 -271
-55 -172 -280
-49 -201 -280
-46 -225 -284
-41 -236 -281
-17 -245 -272
17 -242 -255
94 -231 -201
162 -214 -82
165 -216 74
134 -229 151
112 -234 187
115 -227 186
120 -217 180
140 -205 144
165 -186 73
173 -181 -43
141 -193 -138
63 -229 -224
-64 -275 -283
-138 -311 -289
-195 -341 -277
-233 -361 -253
-274 -393 -216
-267 -425 -195
-227 -461 -176
-180 -471 -180
-117 -468 -193
-27 -454 -181
24 -440 -169
51 -430 -151
39 -428 -159
33 -424 -158
43 -386 -180
88 -342 -162
152 -272 -89
169 -222 65
124 -231 180
44 -274 251
1 -389 224
-11 -475 122
23 -492 7
23 -481 -64
9 -466 -130
-25 -457 -175
-111 -467 -204
-186 -490 -170
-236 -511 -101
-230 -530 -40
-171 -542 -19
-97 -533 -35
12 -487 -62
109 -410 -28
155 -326 74
115 -242 185
40 -213 250
-24 -216 283
-63 -239 289
-69 -257 292
-50 -253 293
53 -219 240
114 -199 173
169 -185 -8
136 -195 -129
28 -246 -250
-77 -295 -282
-198 -340 -270
-260 -372 -234
-288 -379 -213
-284 -374 -219
-201 -324 -273
-3 -221 -257
133 -164 -117
149 -167 97
84 -253 216
43 -372 190
5 -464 129
-33 -513 17
-5 -501 -38
10 -483 -88
-14 -490 -118
-52 -511 -101
-56 -523 -62
-46 -523 -46
-28 -517 -51
-46 -496 -114
-93 -483 -161
-140 -472 -187
-185 -441 -211
-180 -383 -254
21 -243 -247
154 -153 -23
115 -153 165
-59 -235 290
-128 -314 286
-119 -428 220
-146 -509 112
-208 -521 29
-247 -513 0
-305 -492 19
-331 -478 34
-335 -472 47
-290 -500 63
-228 -526 69
-156 -538 45
-76 -532 28
34 -482 46
75 -418 123
-51 -375 260
-200 -366 266
-327 -368 197
-375 -406 92
-358 -447 14
-315 -485 23
-226 -505 110
-128 -485 163
-63 -467 179
21 -426 167
88 -396 127
135 -364 25
122 -359 -83
55 -387 -165
4 -420 -180
12 -461 -116
59 -455 37
85 -413 138
55 -329 249
-24 -232 302
-99 -173 299
-184 -131 270
-291 -120 214
-361 -145 153
-394 -182 124
-409 -263 127
-382 -382 128
-321 -459 104
-239 -513 88
-157 -528 79
-50 -521 25
34 -487 -7
73 -438 -68
44 -398 -178
-89 -388 -260
-239 -389 -245
-354 -374 -167
-400 -373 -86
-411 -389 -1
-376 -411 78
-322 -450 112
-302 -471 96
-305 -471 99
-338 -460 54
-358 -427 -83
-276 -390 -216
-129 -345 -274
38 -311 -227
162 -313 -6
104 -379 117
7 -472 122
-53 -520 55
-62 -531 -25
-89 -517 -113
-138 -519 -134
-179 -525 -116
-207 -543 -16
-161 -543 33
-75 -537 15
-67 -525 -54
-94 -508 -122
-116 -477 -180
-78 -389 -248
82 -260 -202
171 -206 -11
122 -223 180
-7 -276 279
-193 -388 258
-256 -469 157
-194 -514 110
-110 -533 40
-106 -532 -42
-135 -535 -54
-152 -537 1
-110 -528 69
-25 -503 67
25 -483 -2
17 -477 -82
12 -443 -145
48 -362 -199
168 -231 -48
139 -186 142
-45 -201 285
-203 -245 290
-283 -307 252
-199 -395 250
-43 -479 151
-33 -519 1
-144 -532 -52
-253 -521 -63
-338 -487 -26
-352 -469 50
-298 -475 134
-224 -500 148
-127 -520 132
-12 -507 60
24 -490 -39
36 -448 -129
140 -332 -99
160 -225 115
11 -231 275
-230 -333 269
-335 -432 128
-334 -473 -22
-331 -449 -105
-348 -396 -153
-415 -333 96
-180 -252 296
125 -162 148
171 -179 -35
115 -253 -170
82 -316 -185
93 -369 -150
130 -385 -42
107 -397 108
-8 -447 181
-77 -479 175
-113 -477 182
-189 -481 173
-241 -483 143
-297 -487 82
-314 -487 2
-303 -495 -47
-274 -516 -2
-190 -529 92
18 -473 145
135 -408 31
119 -386 -122
66 -403 -161
43 -439 -132
44 -478 -5
-20 -464 158
-87 -412 244
-171 -387 261
-228 -395 246
-259 -411 217
-277 -431 186
-281 -448 164
-280 -462 151
-283 -471 132
-279 -476 123
-290 -480 109
-282 -480 107
-282 -478 110
-262 -478 135
-218 -475 166
-182 -483 166
-127 -492 166
-73 -501 130
-42 -513 79
-50 -530 35
-69 -533 0
-81 -539 -4
-92 -543 -1
-112 -542 10
-123 -545 16
-136 -544 4
-141 -549 -5
-155 -548 -4
-152 -550 -11
-153 -551 -1
-151 -546 -13
-148 -549 -7
-145 -548 4
-135 -551 5
-127 -549 17
-125 -546 20
-127 -547 8
-120 -550 2
-114 -551 4
-116 -547 0
-120 -550 -20
-117 -549 -57
-112 -544 -81
-109 -544 -77
-99 -543 -79
-68 -537 -79
-58 -532 -82
-52 -527 -79
-44 -533 -80
-44 -530 -71
-37 -526 -70
-35 -531 -70
-40 -531 -71
-35 -534 -65
-37 -532 -54
-38 -532 -56
-35 -529 -58
-35 -531 -55
-34 -534 -62
-29 -529 -61
-33 -531 -61
